polty@NICO-DESKTOP:~/document/M2ORO$ python3 sgp.py 5 3 15
---------start modelling---------
---------done modelling 3.09s---------
---------start solving---------
---------done solving 0.03s---------
5 3 15
UNSAT
end
polty@NICO-DESKTOP:~/document/M2ORO$ python3 sgp.py 5 3 12
---------start modelling---------
---------done modelling 1.95s---------
---------start solving---------
---------done solving 0.02s---------
5 3 12
UNSAT
end
polty@NICO-DESKTOP:~/document/M2ORO$ python3 sgp.py 5 3 11
---------start modelling---------
---------done modelling 1.58s---------
---------start solving---------
---------done solving 0.09s---------
5 3 11
UNSAT
end
polty@NICO-DESKTOP:~/document/M2ORO$ python3 sgp.py 5 3 10
---------start modelling---------
---------done modelling 1.26s---------
---------start solving---------
---------done solving 4.54s---------
5 3 10
UNSAT
end
polty@NICO-DESKTOP:~/document/M2ORO$ python3 sgp.py 5 3 9
---------start modelling---------
---------done modelling 1.00s---------
---------start solving---------
---------done solving 0.46s---------
5 3 9
UNSAT
end
polty@NICO-DESKTOP:~/document/M2ORO$ python3 sgp.py 5 3 8
---------start modelling---------
---------done modelling 0.75s---------
---------start solving---------
---------done solving 30.70s---------
5 3 8
UNSAT
end
polty@NICO-DESKTOP:~/document/M2ORO$ python3 sgp.py 15 4 4
---------start modelling---------
---------done modelling 18.11s---------
---------start solving---------
---------done solving 26.27s---------
15 4 4
 0  1  2  3 |  4  5  6  7 |  8  9 10 11 | 12 13 14 15 | 16 17 18 19 | 20 21 22 23 | 24 25 26 27 | 28 29 30 31 | 32 33 34 35 | 36 37 38 39 | 40 41 42 43 | 44 45 46 47 | 48 49 50 51 | 52 53 54 55 | 56 57 58 59 | 
 0 15 19 23 |  1 16 27 30 |  2  9 21 32 |  3 11 31 36 |  4 20 25 42 |  5 10 34 39 |  6 29 33 49 |  7 12 18 22 |  8 17 46 53 | 13 24 38 43 | 14 41 44 59 | 26 37 52 56 | 28 48 55 57 | 35 47 51 58 | 40 45 50 54 | 
 0 12 20 27 |  1  7  9 15 |  2  5 11 18 |  3  8 16 22 |  4 10 14 17 |  6 19 21 25 | 13 36 40 47 | 23 34 37 43 | 24 30 33 44 | 26 29 48 58 | 28 35 39 49 | 31 38 42 55 | 32 45 52 59 | 41 50 53 57 | 46 51 54 56 | 
 0  4  8 45 |  1 21 36 44 |  2 14 25 29 |  3  7 10 26 |  5 20 24 32 |  6 18 23 30 |  9 12 17 40 | 11 16 41 52 | 13 22 27 28 | 15 34 42 58 | 19 37 55 59 | 31 39 51 53 | 33 38 46 48 | 35 43 50 56 | 47 49 54 57 | 
end
python3 sgp.py 10 2 5
---------start modelling---------
---------done modelling 1.33s---------
---------start solving---------
---------done solving 0.03s---------
10 2 5
 0  1 |  2  3 |  4  5 |  6  7 |  8  9 | 10 11 | 12 13 | 14 15 | 16 17 | 18 19 | 
 0  3 |  1 13 |  2  4 |  5 10 |  6 14 |  7 16 |  8 19 |  9 15 | 11 17 | 12 18 | 
 0  5 |  1 15 |  2 10 |  3 17 |  4 18 |  6  8 |  7  9 | 11 16 | 12 14 | 13 19 | 
 0  8 |  1  5 |  2 11 |  3 10 |  4 15 |  6  9 |  7 18 | 12 17 | 13 14 | 16 19 | 
 0 18 |  1 11 |  2  6 |  3  8 |  4  7 |  5 16 |  9 10 | 12 19 | 13 15 | 14 17 | 
end
polty@NICO-DESKTOP:~/document/M2ORO$ python3 sgp.py 15 2 5
---------start modelling---------
---------done modelling 7.03s---------
---------start solving---------
---------done solving 0.12s---------
15 2 5
 0  1 |  2  3 |  4  5 |  6  7 |  8  9 | 10 11 | 12 13 | 14 15 | 16 17 | 18 19 | 20 21 | 22 23 | 24 25 | 26 27 | 28 29 | 
 0  5 |  1  6 |  2  7 |  3 28 |  4 22 |  8 10 |  9 11 | 12 26 | 13 25 | 14 29 | 15 17 | 16 20 | 18 23 | 19 21 | 24 27 | 
 0 13 |  1 11 |  2 19 |  3 12 |  4 14 |  5 18 |  6  9 |  7 10 |  8 23 | 15 25 | 16 22 | 17 24 | 20 28 | 21 26 | 27 29 | 
 0 26 |  1  2 |  3  5 |  4 12 |  6 10 |  7  8 |  9 15 | 11 25 | 13 23 | 14 16 | 17 27 | 18 20 | 19 24 | 21 28 | 22 29 | 
 0 27 |  1  4 |  2 10 |  3 11 |  5  9 |  6  8 |  7 29 | 12 17 | 13 21 | 14 28 | 15 24 | 16 23 | 18 25 | 19 26 | 20 22 | 
end
polty@NICO-DESKTOP:~/document/M2ORO$ python3 sgp.py 20 2 5
---------start modelling---------
---------done modelling 22.05s---------
---------start solving---------
---------done solving 0.16s---------
20 2 5
 0  1 |  2  3 |  4  5 |  6  7 |  8  9 | 10 11 | 12 13 | 14 15 | 16 17 | 18 19 | 20 21 | 22 23 | 24 25 | 26 27 | 28 29 | 30 31 | 32 33 | 34 35 | 36 37 | 38 39 | 
 0  4 |  1 17 |  2  9 |  3 12 |  5  6 |  7 13 |  8 15 | 10 16 | 11 14 | 18 25 | 19 28 | 20 24 | 21 22 | 23 30 | 26 29 | 27 32 | 31 33 | 34 36 | 35 38 | 37 39 | 
 0 35 |  1  7 |  2 31 |  3 30 |  4 26 |  5 11 |  6 13 |  8 12 |  9 10 | 14 16 | 15 20 | 17 22 | 18 23 | 19 21 | 24 36 | 25 27 | 28 38 | 29 39 | 32 37 | 33 34 | 
 0 38 |  1  6 |  2  7 |  3  5 |  4 22 |  8 10 |  9 16 | 11 15 | 12 14 | 13 17 | 18 39 | 19 37 | 20 34 | 21 24 | 23 36 | 25 35 | 26 30 | 27 31 | 28 32 | 29 33 | 
 0 39 |  1 10 |  2 15 |  3  6 |  4 14 |  5 35 |  7  8 |  9 13 | 11 23 | 12 18 | 16 19 | 17 20 | 21 26 | 22 25 | 24 30 | 27 28 | 29 32 | 31 36 | 33 37 | 34 38 | 
end

polty@NICO-DESKTOP:~/document/M2ORO$ python3 sgp.py 25 2 5
---------start modelling---------
---------done modelling 52.59s---------
---------start solving---------
---------done solving 0.90s---------
25 2 5
 0  1 |  2  3 |  4  5 |  6  7 |  8  9 | 10 11 | 12 13 | 14 15 | 16 17 | 18 19 | 20 21 | 22 23 | 24 25 | 26 27 | 28 29 | 30 31 | 32 33 | 34 35 | 36 37 | 38 39 | 40 41 | 42 43 | 44 45 | 46 47 | 48 49 | 
 0  7 |  1 37 |  2  9 |  3  6 |  4 13 |  5 14 |  8 10 | 11 12 | 15 16 | 17 23 | 18 21 | 19 20 | 22 24 | 25 31 | 26 28 | 27 34 | 29 30 | 32 36 | 33 41 | 35 39 | 38 43 | 40 42 | 44 49 | 45 46 | 47 48 | 
 0  9 |  1 10 |  2 16 |  3 26 |  4  7 |  5 12 |  6 14 |  8 21 | 11 13 | 15 19 | 17 18 | 20 22 | 23 30 | 24 34 | 25 33 | 27 28 | 29 35 | 31 32 | 36 42 | 37 47 | 38 41 | 39 40 | 43 44 | 45 48 | 46 49 | 
 0 11 |  1 41 |  2 43 |  3 47 |  4 45 |  5 26 |  6 18 |  7 37 |  8 12 |  9 24 | 10 13 | 14 19 | 15 22 | 16 21 | 17 44 | 20 32 | 23 38 | 25 40 | 27 30 | 28 31 | 29 49 | 33 36 | 34 39 | 35 46 | 42 48 | 
 0 12 |  1  4 |  2  8 |  3 11 |  5 23 |  6 17 |  7 13 |  9 10 | 14 18 | 15 27 | 16 24 | 19 26 | 20 37 | 21 33 | 22 36 | 25 38 | 28 40 | 29 47 | 30 34 | 31 35 | 32 43 | 39 48 | 41 46 | 42 44 | 45 49 | 
end
polty@NICO-DESKTOP:~/document/M2ORO$ python3 sgp.py 15 3 5
---------start modelling---------
---------done modelling 15.91s---------
---------start solving---------
---------done solving 1.83s---------
15 3 5
 0  1  2 |  3  4  5 |  6  7  8 |  9 10 11 | 12 13 14 | 15 16 17 | 18 19 20 | 21 22 23 | 24 25 26 | 27 28 29 | 30 31 32 | 33 34 35 | 36 37 38 | 39 40 41 | 42 43 44 | 
 0  7 19 |  1 12 37 |  2  5  6 |  3 10 30 |  4 14 16 |  8 11 13 |  9 27 44 | 15 26 28 | 17 21 25 | 18 40 42 | 20 23 32 | 22 31 38 | 24 35 39 | 29 34 36 | 33 41 43 | 
 0 21 29 |  1 14 17 |  2  8 15 |  3  7 43 |  4 10 41 |  5  9 13 |  6 11 16 | 12 32 39 | 18 22 26 | 19 23 44 | 20 35 40 | 24 34 37 | 25 31 42 | 27 33 36 | 28 30 38 | 
 0 18 31 |  1 35 41 |  2 10 16 |  3 17 20 |  4 11 29 |  5 34 39 |  6 26 40 |  7  9 15 |  8 28 36 | 12 30 33 | 13 23 25 | 14 24 27 | 19 38 43 | 21 37 42 | 22 32 44 | 
 0 37 44 |  1  4 36 |  2  7 11 |  3  6 22 |  5  8 10 |  9 29 30 | 12 31 34 | 13 27 38 | 14 15 32 | 16 25 35 | 17 33 40 | 18 23 39 | 19 26 42 | 20 21 41 | 24 28 43 | 
end
polty@NICO-DESKTOP:~/document/M2ORO$ python3 sgp.py 15 4 5
---------start modelling---------
---------done modelling 29.01s---------
---------start solving---------
---------done solving 55.91s---------
15 4 5
 0  1  2  3 |  4  5  6  7 |  8  9 10 11 | 12 13 14 15 | 16 17 18 19 | 20 21 22 23 | 24 25 26 27 | 28 29 30 31 | 32 33 34 35 | 36 37 38 39 | 40 41 42 43 | 44 45 46 47 | 48 49 50 51 | 52 53 54 55 | 56 57 58 59 | 
 0  4 12 17 |  1 19 43 45 |  2 20 31 55 |  3  6  9 14 |  5 16 21 56 |  7  8 15 38 | 10 24 46 58 | 11 23 37 53 | 13 18 30 59 | 22 42 50 57 | 25 28 33 49 | 26 29 35 41 | 27 32 51 54 | 34 39 44 48 | 36 40 47 52 | 
 0  5 25 43 |  1  7 18 58 |  2  8 37 44 |  3 26 39 57 |  4 10 15 29 |  6 13 17 24 |  9 21 38 59 | 11 14 16 22 | 12 19 23 56 | 20 28 36 42 | 27 35 48 53 | 30 34 46 51 | 31 33 40 54 | 32 47 50 55 | 41 45 49 52 | 
 0 22 51 56 |  1 14 25 59 |  2  7 12 29 |  3 40 49 55 |  4 16 50 54 |  5 10 13 38 |  6 20 45 53 |  8 17 35 42 |  9 18 28 43 | 11 15 19 24 | 21 31 37 57 | 23 26 47 48 | 27 30 33 44 | 32 39 46 52 | 34 36 41 58 | 
 0 26 40 58 |  1 12 22 35 |  2 18 21 33 |  3 29 47 51 |  4  8 14 19 |  5 23 28 32 |  6 25 31 48 |  7 11 27 39 |  9 15 42 56 | 10 17 34 37 | 13 16 20 49 | 24 45 55 57 | 30 36 43 54 | 38 41 46 53 | 44 50 52 59 | 
end
polty@NICO-DESKTOP:~/document/M2ORO$ python3 sgp.py 15 4 2
---------start modelling---------
---------done modelling 3.61s---------
---------start solving---------
---------done solving 0.41s---------
15 4 2
 0  1  2  3 |  4  5  6  7 |  8  9 10 11 | 12 13 14 15 | 16 17 18 19 | 20 21 22 23 | 24 25 26 27 | 28 29 30 31 | 32 33 34 35 | 36 37 38 39 | 40 41 42 43 | 44 45 46 47 | 48 49 50 51 | 52 53 54 55 | 56 57 58 59 | 
 0 24 28 51 |  1 25 38 57 |  2 22 27 33 |  3  5 15 21 |  4 17 55 59 |  6 13 31 42 |  7 11 19 26 |  8 14 18 23 |  9 20 48 53 | 10 35 36 43 | 12 46 54 58 | 16 41 50 52 | 29 40 47 49 | 30 34 39 44 | 32 37 45 56 | 
end
polty@NICO-DESKTOP:~/document/M2ORO$ python3 sgp.py 15 4 3
---------start modelling---------
---------done modelling 9.61s---------
---------start solving---------
---------done solving 3.44s---------
15 4 3
 0  1  2  3 |  4  5  6  7 |  8  9 10 11 | 12 13 14 15 | 16 17 18 19 | 20 21 22 23 | 24 25 26 27 | 28 29 30 31 | 32 33 34 35 | 36 37 38 39 | 40 41 42 43 | 44 45 46 47 | 48 49 50 51 | 52 53 54 55 | 56 57 58 59 | 
 0 16 28 49 |  1 14 20 44 |  2 19 27 43 |  3 25 29 33 |  4 32 39 45 |  5 21 42 46 |  6 23 30 36 |  7 15 35 40 |  8 31 34 41 |  9 13 17 37 | 10 18 38 47 | 11 51 55 56 | 12 24 54 57 | 22 50 53 59 | 26 48 52 58 | 
 0 22 35 57 |  1 12 23 34 |  2 10 33 41 |  3 11 14 58 |  4 24 29 43 |  5 13 19 44 |  6 15 17 45 |  7 21 30 52 |  8 20 38 40 |  9 42 47 49 | 16 26 39 46 | 18 28 32 53 | 25 51 54 59 | 27 37 48 56 | 31 36 50 55 | 
end
polty@NICO-DESKTOP:~/document/M2ORO$ python3 sgp.py 15 4 5
---------start modelling---------
---------done modelling 29.78s---------
---------start solving---------
---------done solving 271.85s---------
15 4 5
 0  1  2  3 |  4  5  6  7 |  8  9 10 11 | 12 13 14 15 | 16 17 18 19 | 20 21 22 23 | 24 25 26 27 | 28 29 30 31 | 32 33 34 35 | 36 37 38 39 | 40 41 42 43 | 44 45 46 47 | 48 49 50 51 | 52 53 54 55 | 56 57 58 59 | 
 0  5 15 33 |  1  4 36 49 |  2 16 27 56 |  3 11 13 50 |  6 14 20 25 |  7 19 22 24 |  8 18 29 52 |  9 30 38 54 | 10 12 28 32 | 17 43 45 51 | 21 34 37 46 | 23 26 35 53 | 31 40 44 57 | 39 41 47 58 | 42 48 55 59 | 
 0 10 13 43 |  1  7 27 31 |  2 11 15 17 |  3 19 21 25 |  4 16 41 54 |  5 14 30 34 |  6 18 24 45 |  8 23 46 49 |  9 12 22 39 | 20 28 36 56 | 26 32 37 59 | 29 47 50 55 | 33 48 53 57 | 35 40 51 52 | 38 42 44 58 | 
 0 28 37 45 |  1 16 25 33 |  2 14 19 23 |  3 12 18 26 |  4 15 24 30 |  5 13 41 57 |  6 22 32 47 |  7 20 29 46 |  8 27 39 40 |  9 31 34 48 | 10 21 35 42 | 11 38 43 53 | 17 49 54 58 | 36 50 52 59 | 44 51 55 56 | 
 0 11 42 57 |  1 17 24 55 |  2 32 38 46 |  3 15 16 59 |  4 14 29 33 |  5 22 36 51 |  6  8 13 28 |  7 21 30 39 |  9 18 27 35 | 10 23 41 44 | 12 25 31 37 | 19 48 52 58 | 20 26 34 45 | 40 47 49 53 | 43 50 54 56 | 
end
15 4 7 model_2mzn
% time elapsed: 803.01 s
----------
%%%mzn-stat: initTime=0.139098
%%%mzn-stat: solveTime=802.299
%%%mzn-stat: solutions=1
%%%mzn-stat: variables=29715
%%%mzn-stat: propagators=24741
%%%mzn-stat: propagations=4411140436
%%%mzn-stat: nodes=11746157
%%%mzn-stat: failures=5872952
%%%mzn-stat: restarts=0
%%%mzn-stat: peakDepth=278
%%%mzn-stat-end