
5-4-1
variables : 220 clauses : 78194
model : 0.13s solve : 0.00s
 0  1  2  3 |  4  5  6  7 |  8  9 10 11 | 12 13 14 15 | 16 17 18 19 | 

5-4-2
variables : 440 clauses : 175388
model : 0.30s solve : 0.00s
 0  1  2  3 |  4  5  6  7 |  8  9 10 11 | 12 13 14 15 | 16 17 18 19 | 
 0  7  9 13 |  1  5  8 19 |  2 10 14 17 |  3  4 12 18 |  6 11 15 16 | 

5-4-3
variables : 660 clauses : 291582
model : 0.54s solve : 0.00s
 0  1  2  3 |  4  5  6  7 |  8  9 10 11 | 12 13 14 15 | 16 17 18 19 | 
 0  5 10 16 |  1  7 14 19 |  2  4 11 15 |  3  8 13 17 |  6  9 12 18 | 
 0  9 14 17 |  1  6  8 15 |  2  5 12 19 |  3  7 11 16 |  4 10 13 18 | 

5-4-4
variables : 880 clauses : 426776
model : 0.76s solve : 0.01s
 0  1  2  3 |  4  5  6  7 |  8  9 10 11 | 12 13 14 15 | 16 17 18 19 | 
 0  5 10 15 |  1  6  9 19 |  2  8 14 18 |  3  7 12 16 |  4 11 13 17 | 
 0  8 13 16 |  1  7 14 17 |  2  5 11 19 |  3  4  9 15 |  6 10 12 18 | 
 0  7 11 18 |  1  4  8 12 |  2  6 15 17 |  3 10 13 19 |  5  9 14 16 | 

5-4-5
variables : 1100 clauses : 580970
model : 1.05s solve : 0.04s
 0  1  2  3 |  4  5  6  7 |  8  9 10 11 | 12 13 14 15 | 16 17 18 19 | 
 0  6 10 12 |  1  5  8 18 |  2  7 15 17 |  3 11 13 16 |  4  9 14 19 | 
 0  4 11 15 |  1  6 14 16 |  2  9 13 18 |  3  5 10 17 |  7  8 12 19 | 
 0  7  9 16 |  1 10 15 19 |  2  5 11 14 |  3  4 12 18 |  6  8 13 17 | 
 0  5 13 19 |  1 11 12 17 |  2  4  8 16 |  3  6  9 15 |  7 10 14 18 | 
