
5-3-1
variables : 165 clauses : 7329
model : 0.01s solve : 0.00s
 0  1  2 |  3  4  5 |  6  7  8 |  9 10 11 | 12 13 14 | 

5-3-2
variables : 330 clauses : 25158
model : 0.04s solve : 0.00s
 0  1  2 |  3  4  5 |  6  7  8 |  9 10 11 | 12 13 14 | 
 0  7 11 |  1  6  9 |  2  3 12 |  4  8 13 |  5 10 14 | 

5-3-3
variables : 495 clauses : 53487
model : 0.09s solve : 0.01s
 0  1  2 |  3  4  5 |  6  7  8 |  9 10 11 | 12 13 14 | 
 0  3  9 |  1  8 14 |  2  6 13 |  4 10 12 |  5  7 11 | 
 0  8 12 |  1  3 11 |  2  5  9 |  4  6 14 |  7 10 13 | 

5-3-4
variables : 660 clauses : 92316
model : 0.14s solve : 0.00s
 0  1  2 |  3  4  5 |  6  7  8 |  9 10 11 | 12 13 14 | 
 0  5  7 |  1  8 14 |  2  4 10 |  3 11 13 |  6  9 12 | 
 0  4 12 |  1  7 11 |  2  9 14 |  3  8 10 |  5  6 13 | 
 0 10 14 |  1  4  6 |  2  3  7 |  5 11 12 |  8  9 13 | 

5-3-5
variables : 825 clauses : 141645
model : 0.21s solve : 0.00s
 0  1  2 |  3  4  5 |  6  7  8 |  9 10 11 | 12 13 14 | 
 0  5 10 |  1  6 12 |  2  4 11 |  3  7 14 |  8  9 13 | 
 0  3 11 |  1  4 13 |  2  7  9 |  5  8 12 |  6 10 14 | 
 0  4 12 |  1  7 11 |  2  6 13 |  3  8 10 |  5  9 14 | 
 0  7 13 |  1  3  9 |  2 10 12 |  4  8 14 |  5  6 11 | 

5-3-6
variables : 990 clauses : 201474
model : 0.31s solve : 0.06s
 0  1  2 |  3  4  5 |  6  7  8 |  9 10 11 | 12 13 14 | 
 0  4  8 |  1  7 14 |  2  3 10 |  5  9 12 |  6 11 13 | 
 0  3 11 |  1  4 13 |  2  8 12 |  5  7 10 |  6  9 14 | 
 0  7 12 |  1  3  9 |  2  4  6 |  5 11 14 |  8 10 13 | 
 0  9 13 |  1  5  6 |  2  7 11 |  3  8 14 |  4 10 12 | 
 0 10 14 |  1  8 11 |  2  5 13 |  3  6 12 |  4  7  9 | 

5-3-7
variables : 1155 clauses : 271803
model : 0.44s solve : 1.48s
 0  1  2 |  3  4  5 |  6  7  8 |  9 10 11 | 12 13 14 | 
 0  3  8 |  1  5 14 |  2 10 12 |  4  7  9 |  6 11 13 | 
 0  4 10 |  1  7 13 |  2  8 14 |  3 11 12 |  5  6  9 | 
 0  7 11 |  1  4 12 |  2  9 13 |  3  6 14 |  5  8 10 | 
 0  6 12 |  1  3  9 |  2  5 11 |  4  8 13 |  7 10 14 | 
 0  5 13 |  1  6 10 |  2  3  7 |  4 11 14 |  8  9 12 | 
 0  9 14 |  1  8 11 |  2  4  6 |  3 10 13 |  5  7 12 | 
