
5-3-1
variables : 1425 clauses : 4129
model : 0.01s solve : 0.00s
 0  1  2 |  3  4  5 |  6  7  8 |  9 10 11 | 12 13 14 | 

5-3-2
variables : 2850 clauses : 18761
model : 0.03s solve : 0.00s
 0  1  2 |  3  4  5 |  6  7  8 |  9 10 11 | 12 13 14 | 
 0  4 14 |  1  3  6 |  2  8  9 |  5 11 12 |  7 10 13 | 

5-3-3
variables : 4275 clauses : 43893
model : 0.06s solve : 0.00s
 0  1  2 |  3  4  5 |  6  7  8 |  9 10 11 | 12 13 14 | 
 0  3  8 |  1  5  9 |  2 10 12 |  4  6 13 |  7 11 14 | 
 0  5 11 |  1  7 13 |  2  8  9 |  3  6 12 |  4 10 14 | 

5-3-4
variables : 5700 clauses : 79525
model : 0.11s solve : 0.00s
 0  1  2 |  3  4  5 |  6  7  8 |  9 10 11 | 12 13 14 | 
 0  5  6 |  1  3 12 |  2  7 11 |  4 10 13 |  8  9 14 | 
 0  3  7 |  1  4 11 |  2  5 14 |  6  9 13 |  8 10 12 | 
 0  4  8 |  1 10 14 |  2  3 13 |  5  7  9 |  6 11 12 | 

5-3-5
variables : 7125 clauses : 125657
model : 0.18s solve : 0.01s
 0  1  2 |  3  4  5 |  6  7  8 |  9 10 11 | 12 13 14 | 
 0  4  8 |  1  9 14 |  2  5 10 |  3  7 12 |  6 11 13 | 
 0  7 11 |  1 10 13 |  2  3  8 |  4  6 14 |  5  9 12 | 
 0  6 12 |  1  5  8 |  2 11 14 |  3  9 13 |  4  7 10 | 
 0 10 14 |  1  3  6 |  2  4  9 |  5  7 13 |  8 11 12 | 

5-3-6
variables : 8550 clauses : 182289
model : 0.28s solve : 0.09s
 0  1  2 |  3  4  5 |  6  7  8 |  9 10 11 | 12 13 14 | 
 0  4  6 |  1  5 10 |  2 11 13 |  3  8 14 |  7  9 12 | 
 0  3  9 |  1  6 12 |  2  5 14 |  4  8 11 |  7 10 13 | 
 0  8 10 |  1  9 14 |  2  4 12 |  3  6 13 |  5  7 11 | 
 0  5 13 |  1  4  7 |  2  8  9 |  3 10 12 |  6 11 14 | 
 0  7 14 |  1  3 11 |  2  6 10 |  4  9 13 |  5  8 12 | 

5-3-7
variables : 9975 clauses : 249421
model : 0.36s solve : 0.46s
 0  1  2 |  3  4  5 |  6  7  8 |  9 10 11 | 12 13 14 | 
 0  3  6 |  1  5 11 |  2  9 12 |  4  8 14 |  7 10 13 | 
 0  8  9 |  1  3  7 |  2  4 13 |  5 10 12 |  6 11 14 | 
 0  4 11 |  1  8 12 |  2  6 10 |  3  9 13 |  5  7 14 | 
 0  7 12 |  1  4 10 |  2  3 14 |  5  6  9 |  8 11 13 | 
 0  5 13 |  1  9 14 |  2  7 11 |  3  8 10 |  4  6 12 | 
 0 10 14 |  1  6 13 |  2  5  8 |  3 11 12 |  4  7  9 | 

5-3-8
variables : 11400 clauses : 327053
model : 0.48s solve : 2.67s
UNSAT

5-3-9
variables : 12825 clauses : 415185
model : 0.58s solve : 0.90s
UNSAT

5-3-10
variables : 14250 clauses : 513817
model : 0.74s solve : 0.21s
UNSAT

5-3-11
variables : 15675 clauses : 622949
model : 0.89s solve : 0.10s
UNSAT
