
5-4-1
variables : 2500 clauses : 7209
model : 0.01s solve : 0.00s
 0  1  2  3 |  4  5  6  7 |  8  9 10 11 | 12 13 14 15 | 16 17 18 19 | 

5-4-2
variables : 5000 clauses : 33422
model : 0.05s solve : 0.00s
 0  1  2  3 |  4  5  6  7 |  8  9 10 11 | 12 13 14 15 | 16 17 18 19 | 
 0  8 14 18 |  1  4 12 16 |  2  5 11 19 |  3  7  9 15 |  6 10 13 17 | 

5-4-3
variables : 7500 clauses : 78635
model : 0.11s solve : 0.00s
 0  1  2  3 |  4  5  6  7 |  8  9 10 11 | 12 13 14 15 | 16 17 18 19 | 
 0 10 12 16 |  1  5 15 18 |  2  4  8 14 |  3  7 11 17 |  6  9 13 19 | 
 0  7  8 19 |  1 11 14 16 |  2  6 15 17 |  3  5  9 12 |  4 10 13 18 | 

5-4-4
variables : 10000 clauses : 142848
model : 0.21s solve : 0.00s
 0  1  2  3 |  4  5  6  7 |  8  9 10 11 | 12 13 14 15 | 16 17 18 19 | 
 0  5 10 12 |  1  9 15 19 |  2  6 14 17 |  3  4 11 16 |  7  8 13 18 | 
 0  6 11 13 |  1  7 10 17 |  2  5 15 16 |  3  9 12 18 |  4  8 14 19 | 
 0  7  9 14 |  1  6  8 16 |  2 11 12 19 |  3  5 13 17 |  4 10 15 18 | 

5-4-5
variables : 12500 clauses : 226061
model : 0.33s solve : 0.10s
 0  1  2  3 |  4  5  6  7 |  8  9 10 11 | 12 13 14 15 | 16 17 18 19 | 
 0  6 11 15 |  1  4 13 18 |  2  7 10 19 |  3  8 12 17 |  5  9 14 16 | 
 0  4  8 16 |  1  5 10 12 |  2  9 15 18 |  3  6 13 19 |  7 11 14 17 | 
 0 10 13 17 |  1  7 15 16 |  2  6  8 14 |  3  5 11 18 |  4  9 12 19 | 
 0  7 12 18 |  1  6  9 17 |  2 11 13 16 |  3  4 10 14 |  5  8 15 19 | 
