
5-4-1
variables : 600 clauses : 1509
model : 0.00s solve : 0.00s
 0  1  2  3 |  4  5  6  7 |  8  9 10 11 | 12 13 14 15 | 16 17 18 19 | 

5-4-2
variables : 1200 clauses : 22018
model : 0.03s solve : 0.00s
 0  1  2  3 |  4  5  6  7 |  8  9 10 11 | 12 13 14 15 | 16 17 18 19 | 
 0  7  9 15 |  1  8 12 18 |  2  4 13 17 |  3  5 10 16 |  6 11 14 19 | 

5-4-3
variables : 1800 clauses : 61527
model : 0.10s solve : 0.00s
 0  1  2  3 |  4  5  6  7 |  8  9 10 11 | 12 13 14 15 | 16 17 18 19 | 
 0  6  9 12 |  1 10 13 17 |  2  4 15 16 |  3  5  8 18 |  7 11 14 19 | 
 0  7  8 13 |  1  6 11 16 |  2 10 12 18 |  3  4 14 17 |  5  9 15 19 | 

5-4-4
variables : 2400 clauses : 120036
model : 0.20s solve : 0.00s
 0  1  2  3 |  4  5  6  7 |  8  9 10 11 | 12 13 14 15 | 16 17 18 19 | 
 0  4  8 12 |  1  7 10 17 |  2  9 14 16 |  3  6 13 18 |  5 11 15 19 | 
 0  7  9 13 |  1  5 12 18 |  2  4 11 17 |  3  8 14 19 |  6 10 15 16 | 
 0  5 10 14 |  1  4 13 19 |  2  8 15 18 |  3  7 11 16 |  6  9 12 17 | 

5-4-5
variables : 3000 clauses : 197545
model : 0.34s solve : 0.01s
 0  1  2  3 |  4  5  6  7 |  8  9 10 11 | 12 13 14 15 | 16 17 18 19 | 
 0  5 11 14 |  1  6 12 19 |  2  8 15 18 |  3  7  9 16 |  4 10 13 17 | 
 0 10 12 16 |  1  4 11 15 |  2  6  9 17 |  3  5 13 18 |  7  8 14 19 | 
 0  7 15 17 |  1  9 14 18 |  2  5 10 19 |  3  4  8 12 |  6 11 13 16 | 
 0  9 13 19 |  1  5  8 17 |  2  4 14 16 |  3  6 10 15 |  7 11 12 18 | 
