
5-3-1
variables : 375 clauses : 979
model : 0.00s solve : 0.00s
 0  1  2 |  3  4  5 |  6  7  8 |  9 10 11 | 12 13 14 | 

5-3-2
variables : 750 clauses : 12458
model : 0.02s solve : 0.00s
 0  1  2 |  3  4  5 |  6  7  8 |  9 10 11 | 12 13 14 | 
 0  3  9 |  1  4  6 |  2  5 14 |  7 10 13 |  8 11 12 | 

5-3-3
variables : 1125 clauses : 34437
model : 0.06s solve : 0.00s
 0  1  2 |  3  4  5 |  6  7  8 |  9 10 11 | 12 13 14 | 
 0  3  8 |  1  5  6 |  2 11 14 |  4  9 13 |  7 10 12 | 
 0  7  9 |  1  8 11 |  2  3 13 |  4  6 12 |  5 10 14 | 

5-3-4
variables : 1500 clauses : 66916
model : 0.11s solve : 0.00s
 0  1  2 |  3  4  5 |  6  7  8 |  9 10 11 | 12 13 14 | 
 0  3 11 |  1  5 12 |  2  4  8 |  6 10 14 |  7  9 13 | 
 0  4 13 |  1  8 14 |  2  5 11 |  3  6  9 |  7 10 12 | 
 0  5 14 |  1  6 11 |  2  3  7 |  4  9 12 |  8 10 13 | 

5-3-5
variables : 1875 clauses : 109895
model : 0.18s solve : 0.00s
 0  1  2 |  3  4  5 |  6  7  8 |  9 10 11 | 12 13 14 | 
 0  6  9 |  1  4 14 |  2 10 12 |  3  8 13 |  5  7 11 | 
 0  5 12 |  1  8  9 |  2  3 11 |  4  6 13 |  7 10 14 | 
 0 10 13 |  1  5  6 |  2  9 14 |  3  7 12 |  4  8 11 | 
 0  8 14 |  1 11 12 |  2  4  7 |  3  6 10 |  5  9 13 | 

5-3-6
variables : 2250 clauses : 163374
model : 0.27s solve : 0.30s
 0  1  2 |  3  4  5 |  6  7  8 |  9 10 11 | 12 13 14 | 
 0  6  9 |  1  8 13 |  2  3 10 |  4  7 12 |  5 11 14 | 
 0  7 10 |  1  5  6 |  2  8 14 |  3 11 12 |  4  9 13 | 
 0  5 12 |  1 10 14 |  2  7  9 |  3  6 13 |  4  8 11 | 
 0 11 13 |  1  9 12 |  2  4  6 |  3  7 14 |  5  8 10 | 
 0  4 14 |  1  7 11 |  2  5 13 |  3  8  9 |  6 10 12 | 

5-3-7
variables : 2625 clauses : 227353
model : 0.38s solve : 0.06s
 0  1  2 |  3  4  5 |  6  7  8 |  9 10 11 | 12 13 14 | 
 0  5  6 |  1  3 11 |  2  7 14 |  4  9 13 |  8 10 12 | 
 0  7  9 |  1  5 13 |  2  4 12 |  3  6 10 |  8 11 14 | 
 0  4 10 |  1  9 14 |  2  3  8 |  5  7 12 |  6 11 13 | 
 0 11 12 |  1  4  8 |  2  6  9 |  3  7 13 |  5 10 14 | 
 0  8 13 |  1  7 10 |  2  5 11 |  3  9 12 |  4  6 14 | 
 0  3 14 |  1  6 12 |  2 10 13 |  4  7 11 |  5  8  9 | 
