
5-3-1
variables : 375 clauses : 979
model : 0.00s solve : 0.00s
 0  1  2 |  3  4  5 |  6  7  8 |  9 10 11 | 12 13 14 | 

5-3-2
variables : 750 clauses : 12461
model : 0.02s solve : 0.00s
 0  1  2 |  3  4  5 |  6  7  8 |  9 10 11 | 12 13 14 | 
 0  7  9 |  1  6 11 |  2  3 12 |  4 10 14 |  5  8 13 | 

5-3-3
variables : 1125 clauses : 34443
model : 0.05s solve : 0.00s
 0  1  2 |  3  4  5 |  6  7  8 |  9 10 11 | 12 13 14 | 
 0  4 10 |  1  5  6 |  2  9 12 |  3  7 13 |  8 11 14 | 
 0 11 12 |  1  7 10 |  2  3  6 |  4  9 14 |  5  8 13 | 

5-3-4
variables : 1500 clauses : 66925
model : 0.11s solve : 0.00s
 0  1  2 |  3  4  5 |  6  7  8 |  9 10 11 | 12 13 14 | 
 0  4  6 |  1  3 14 |  2 11 12 |  5  7 10 |  8  9 13 | 
 0  5  9 |  1  4 13 |  2  3  6 |  7 11 14 |  8 10 12 | 
 0  8 11 |  1  5  6 |  2  4 14 |  3 10 13 |  7  9 12 | 

5-3-5
variables : 1875 clauses : 109907
model : 0.18s solve : 0.01s
 0  1  2 |  3  4  5 |  6  7  8 |  9 10 11 | 12 13 14 | 
 0  4  6 |  1  8 14 |  2 11 13 |  3  7 10 |  5  9 12 | 
 0  5  8 |  1 10 13 |  2  7 12 |  3  6 11 |  4  9 14 | 
 0  7 13 |  1  5 11 |  2  6 14 |  3  8  9 |  4 10 12 | 
 0  3 14 |  1  4  7 |  2  5 10 |  6  9 13 |  8 11 12 | 

5-3-6
variables : 2250 clauses : 163389
model : 0.27s solve : 0.02s
 0  1  2 |  3  4  5 |  6  7  8 |  9 10 11 | 12 13 14 | 
 0  5  6 |  1  9 13 |  2 11 12 |  3  8 14 |  4  7 10 | 
 0  3 10 |  1  6 12 |  2  7  9 |  4  8 13 |  5 11 14 | 
 0  8 11 |  1  5  7 |  2  4 14 |  3  9 12 |  6 10 13 | 
 0  4 12 |  1 10 14 |  2  3  6 |  5  8  9 |  7 11 13 | 
 0  7 14 |  1  3 11 |  2  5 13 |  4  6  9 |  8 10 12 | 

5-3-7
variables : 2625 clauses : 227371
model : 0.38s solve : 0.31s
 0  1  2 |  3  4  5 |  6  7  8 |  9 10 11 | 12 13 14 | 
 0  4  6 |  1  9 12 |  2  8 11 |  3  7 13 |  5 10 14 | 
 0  5  7 |  1  8 13 |  2  3 10 |  4 11 12 |  6  9 14 | 
 0  8 10 |  1  3 14 |  2  6 12 |  4  7  9 |  5 11 13 | 
 0  3 12 |  1  7 11 |  2  5  9 |  4  8 14 |  6 10 13 | 
 0  9 13 |  1  4 10 |  2  7 14 |  3  6 11 |  5  8 12 | 
 0 11 14 |  1  5  6 |  2  4 13 |  3  8  9 |  7 10 12 | 

5-3-8
variables : 3000 clauses : 301853
model : 0.54s solve : 17.71s
UNSAT

5-3-9
variables : 3375 clauses : 386835
model : 0.65s solve : 0.30s
UNSAT

5-3-10
variables : 3750 clauses : 482317
model : 0.83s solve : 0.13s
UNSAT

5-3-11
variables : 4125 clauses : 588299
model : 0.99s solve : 0.04s
UNSAT
