
5-4-1
variables : 600 clauses : 1509
model : 0.00s solve : 0.00s
 0  1  2  3 |  4  5  6  7 |  8  9 10 11 | 12 13 14 15 | 16 17 18 19 | 

5-4-2
variables : 1200 clauses : 22022
model : 0.03s solve : 0.00s
 0  1  2  3 |  4  5  6  7 |  8  9 10 11 | 12 13 14 15 | 16 17 18 19 | 
 0  6  8 15 |  1  7 12 19 |  2 11 13 16 |  3  5  9 18 |  4 10 14 17 | 

5-4-3
variables : 1800 clauses : 61535
model : 0.10s solve : 0.00s
 0  1  2  3 |  4  5  6  7 |  8  9 10 11 | 12 13 14 15 | 16 17 18 19 | 
 0  6 13 16 |  1  4  9 12 |  2  8 14 17 |  3  5 11 19 |  7 10 15 18 | 
 0 11 12 17 |  1  5 10 14 |  2  4 15 16 |  3  6  8 18 |  7  9 13 19 | 

5-4-4
variables : 2400 clauses : 120048
model : 0.19s solve : 0.00s
 0  1  2  3 |  4  5  6  7 |  8  9 10 11 | 12 13 14 15 | 16 17 18 19 | 
 0  5  9 12 |  1  8 13 16 |  2  4 14 19 |  3  6 10 18 |  7 11 15 17 | 
 0  4  8 17 |  1  7 14 18 |  2  6  9 13 |  3 11 12 19 |  5 10 15 16 | 
 0  7 10 19 |  1  4  9 15 |  2  8 12 18 |  3  5 13 17 |  6 11 14 16 | 

5-4-5
variables : 3000 clauses : 197561
model : 0.33s solve : 0.02s
 0  1  2  3 |  4  5  6  7 |  8  9 10 11 | 12 13 14 15 | 16 17 18 19 | 
 0  6  8 13 |  1  5 15 18 |  2  7  9 17 |  3 10 14 19 |  4 11 12 16 | 
 0  5 11 14 |  1  7 13 16 |  2  4  8 19 |  3  9 12 18 |  6 10 15 17 | 
 0  9 15 16 |  1  6 11 19 |  2  5 10 12 |  3  4 13 17 |  7  8 14 18 | 
 0  4 10 18 |  1  8 12 17 |  2  6 14 16 |  3  7 11 15 |  5  9 13 19 | 
