
5-3-1
variables : 1425 clauses : 4129
model : 0.01s solve : 0.00s
 0  1  2 |  3  4  5 |  6  7  8 |  9 10 11 | 12 13 14 | 

5-3-2
variables : 2850 clauses : 18758
model : 0.02s solve : 0.00s
 0  1  2 |  3  4  5 |  6  7  8 |  9 10 11 | 12 13 14 | 
 0  4 12 |  1  5  8 |  2  9 13 |  3  6 10 |  7 11 14 | 

5-3-3
variables : 4275 clauses : 43887
model : 0.05s solve : 0.00s
 0  1  2 |  3  4  5 |  6  7  8 |  9 10 11 | 12 13 14 | 
 0  4 10 |  1  7 14 |  2  6 12 |  3 11 13 |  5  8  9 | 
 0  3 12 |  1  5  6 |  2  4  9 |  7 10 13 |  8 11 14 | 

5-3-4
variables : 5700 clauses : 79516
model : 0.10s solve : 0.00s
 0  1  2 |  3  4  5 |  6  7  8 |  9 10 11 | 12 13 14 | 
 0  4  7 |  1  9 12 |  2  5 10 |  3  8 14 |  6 11 13 | 
 0  3 13 |  1  5  6 |  2  4 11 |  7  9 14 |  8 10 12 | 
 0 10 14 |  1  7 13 |  2  3  9 |  4  6 12 |  5  8 11 | 

5-3-5
variables : 7125 clauses : 125645
model : 0.16s solve : 0.00s
 0  1  2 |  3  4  5 |  6  7  8 |  9 10 11 | 12 13 14 | 
 0  4  9 |  1  7 14 |  2  8 11 |  3  6 13 |  5 10 12 | 
 0  3 11 |  1  8 10 |  2  6 12 |  4  7 13 |  5  9 14 | 
 0  5 13 |  1  6  9 |  2  4 10 |  3  8 14 |  7 11 12 | 
 0 10 14 |  1  4 12 |  2  3  7 |  5  6 11 |  8  9 13 | 

5-3-6
variables : 8550 clauses : 182274
model : 0.23s solve : 0.05s
 0  1  2 |  3  4  5 |  6  7  8 |  9 10 11 | 12 13 14 | 
 0  3  8 |  1  6 12 |  2  5  9 |  4 10 14 |  7 11 13 | 
 0  7 10 |  1  4  8 |  2  6 14 |  3  9 13 |  5 11 12 | 
 0  6 11 |  1  5 10 |  2  4 13 |  3  7 14 |  8  9 12 | 
 0  4 12 |  1  7  9 |  2  3 10 |  5  6 13 |  8 11 14 | 
 0  5 14 |  1  3 11 |  2  7 12 |  4  6  9 |  8 10 13 | 

5-3-7
variables : 9975 clauses : 249403
model : 0.32s solve : 0.11s
 0  1  2 |  3  4  5 |  6  7  8 |  9 10 11 | 12 13 14 | 
 0  5  9 |  1  3 10 |  2  8 12 |  4  7 13 |  6 11 14 | 
 0  6 10 |  1  4  8 |  2  3 14 |  5 11 13 |  7  9 12 | 
 0  8 11 |  1  5  7 |  2  9 13 |  3  6 12 |  4 10 14 | 
 0  4 12 |  1  9 14 |  2  5  6 |  3  7 11 |  8 10 13 | 
 0  3 13 |  1 11 12 |  2  7 10 |  4  6  9 |  5  8 14 | 
 0  7 14 |  1  6 13 |  2  4 11 |  3  8  9 |  5 10 12 | 
