
5-3-1
variables : 1425 clauses : 2029
model : 0.00s solve : 0.00s
 0  1  2 |  3  4  5 |  6  7  8 |  9 10 11 | 12 13 14 | 

5-3-2
variables : 2850 clauses : 14558
model : 0.02s solve : 0.00s
 0  1  2 |  3  4  5 |  6  7  8 |  9 10 11 | 12 13 14 | 
 0  8 12 |  1  5 11 |  2  4 13 |  3  7 10 |  6  9 14 | 

5-3-3
variables : 4275 clauses : 37587
model : 0.05s solve : 0.00s
 0  1  2 |  3  4  5 |  6  7  8 |  9 10 11 | 12 13 14 | 
 0  7 10 |  1 11 12 |  2  5  8 |  3  9 14 |  4  6 13 | 
 0  5 13 |  1  7  9 |  2 10 12 |  3  6 11 |  4  8 14 | 

5-3-4
variables : 5700 clauses : 71116
model : 0.10s solve : 0.00s
 0  1  2 |  3  4  5 |  6  7  8 |  9 10 11 | 12 13 14 | 
 0  5  8 |  1 11 14 |  2  3 12 |  4  6 10 |  7  9 13 | 
 0 10 12 |  1  5  9 |  2  6 11 |  3  7 14 |  4  8 13 | 
 0 11 13 |  1  8 12 |  2  4  7 |  3  6  9 |  5 10 14 | 

5-3-5
variables : 7125 clauses : 115145
model : 0.15s solve : 0.00s
 0  1  2 |  3  4  5 |  6  7  8 |  9 10 11 | 12 13 14 | 
 0  4  8 |  1  7 12 |  2  5  9 |  3 10 14 |  6 11 13 | 
 0  3  9 |  1  4 13 |  2  8 11 |  5  7 14 |  6 10 12 | 
 0  7 10 |  1 11 14 |  2  3 13 |  4  6  9 |  5  8 12 | 
 0 11 12 |  1  3  6 |  2  4  7 |  5 10 13 |  8  9 14 | 

5-3-6
variables : 8550 clauses : 169674
model : 0.23s solve : 0.04s
 0  1  2 |  3  4  5 |  6  7  8 |  9 10 11 | 12 13 14 | 
 0  3  6 |  1  8 14 |  2  5  9 |  4 11 13 |  7 10 12 | 
 0  8 10 |  1  4 12 |  2  7 13 |  3  9 14 |  5  6 11 | 
 0  9 12 |  1  6 13 |  2  4  8 |  3  7 11 |  5 10 14 | 
 0  5 13 |  1  3 10 |  2  6 14 |  4  7  9 |  8 11 12 | 
 0 11 14 |  1  5  7 |  2  3 12 |  4  6 10 |  8  9 13 | 

5-3-7
variables : 9975 clauses : 234703
model : 0.33s solve : 1.50s
 0  1  2 |  3  4  5 |  6  7  8 |  9 10 11 | 12 13 14 | 
 0  4  6 |  1  3 12 |  2  8 11 |  5 10 14 |  7  9 13 | 
 0  3  7 |  1  4 11 |  2 10 13 |  5  8 12 |  6  9 14 | 
 0  8 10 |  1  5  9 |  2  6 12 |  3 11 13 |  4  7 14 | 
 0  9 12 |  1  7 10 |  2  3 14 |  4  8 13 |  5  6 11 | 
 0  5 13 |  1  8 14 |  2  4  9 |  3  6 10 |  7 11 12 | 
 0 11 14 |  1  6 13 |  2  5  7 |  3  8  9 |  4 10 12 | 
