
5-4-1
variables : 2500 clauses : 7209
model : 0.01s solve : 0.00s
 0  1  2  3 |  4  5  6  7 |  8  9 10 11 | 12 13 14 15 | 16 17 18 19 | 

5-4-2
variables : 5000 clauses : 33418
model : 0.04s solve : 0.00s
 0  1  2  3 |  4  5  6  7 |  8  9 10 11 | 12 13 14 15 | 16 17 18 19 | 
 0  4 10 19 |  1  5  9 15 |  2  7 14 16 |  3 11 12 17 |  6  8 13 18 | 

5-4-3
variables : 7500 clauses : 78627
model : 0.10s solve : 0.00s
 0  1  2  3 |  4  5  6  7 |  8  9 10 11 | 12 13 14 15 | 16 17 18 19 | 
 0 11 13 16 |  1  4  9 14 |  2  7 15 18 |  3  5  8 17 |  6 10 12 19 | 
 0  5 15 19 |  1  6  8 16 |  2  4 11 12 |  3  9 13 18 |  7 10 14 17 | 

5-4-4
variables : 10000 clauses : 142836
model : 0.18s solve : 0.01s
 0  1  2  3 |  4  5  6  7 |  8  9 10 11 | 12 13 14 15 | 16 17 18 19 | 
 0  4 11 14 |  1  5  8 17 |  2 10 12 19 |  3  7 13 16 |  6  9 15 18 | 
 0  9 13 17 |  1  6 14 19 |  2  5 11 16 |  3  4 10 15 |  7  8 12 18 | 
 0  7 15 19 |  1  4  9 16 |  2  6  8 13 |  3 11 12 17 |  5 10 14 18 | 

5-4-5
variables : 12500 clauses : 226045
model : 0.28s solve : 0.05s
 0  1  2  3 |  4  5  6  7 |  8  9 10 11 | 12 13 14 15 | 16 17 18 19 | 
 0  4  9 12 |  1  7 13 19 |  2  5 10 18 |  3 11 14 16 |  6  8 15 17 | 
 0  5 11 17 |  1  9 15 18 |  2  7  8 14 |  3  6 12 19 |  4 10 13 16 | 
 0  6 13 18 |  1  8 12 16 |  2  4 11 15 |  3  7 10 17 |  5  9 14 19 | 
 0 10 15 19 |  1  4 14 17 |  2  6  9 16 |  3  5  8 13 |  7 11 12 18 | 
