
5-4-1
variables : 2500 clauses : 3409
model : 0.01s solve : 0.00s
 0  1  2  3 |  4  5  6  7 |  8  9 10 11 | 12 13 14 15 | 16 17 18 19 | 

5-4-2
variables : 5000 clauses : 25818
model : 0.04s solve : 0.00s
 0  1  2  3 |  4  5  6  7 |  8  9 10 11 | 12 13 14 15 | 16 17 18 19 | 
 0  4 10 17 |  1  6 11 12 |  2  8 15 19 |  3  7 14 16 |  5  9 13 18 | 

5-4-3
variables : 7500 clauses : 67227
model : 0.09s solve : 0.00s
 0  1  2  3 |  4  5  6  7 |  8  9 10 11 | 12 13 14 15 | 16 17 18 19 | 
 0  5 11 13 |  1 10 15 17 |  2  7 14 19 |  3  4  9 16 |  6  8 12 18 | 
 0  7 12 16 |  1  6  9 13 |  2 11 15 18 |  3  5 10 19 |  4  8 14 17 | 

5-4-4
variables : 10000 clauses : 127636
model : 0.17s solve : 0.01s
 0  1  2  3 |  4  5  6  7 |  8  9 10 11 | 12 13 14 15 | 16 17 18 19 | 
 0  6 11 14 |  1  5 15 17 |  2  7  8 19 |  3  9 12 16 |  4 10 13 18 | 
 0  9 13 17 |  1  4  8 16 |  2  6 10 12 |  3  5 14 19 |  7 11 15 18 | 
 0  5 12 18 |  1 11 13 19 |  2  4  9 15 |  3  6  8 17 |  7 10 14 16 | 

5-4-5
variables : 12500 clauses : 207045
model : 0.28s solve : 0.04s
 0  1  2  3 |  4  5  6  7 |  8  9 10 11 | 12 13 14 15 | 16 17 18 19 | 
 0  4  9 12 |  1  7 14 18 |  2  5  8 17 |  3 11 15 16 |  6 10 13 19 | 
 0  5 11 14 |  1 10 12 17 |  2  6 15 18 |  3  4  8 19 |  7  9 13 16 | 
 0  7 10 15 |  1  6  8 16 |  2  9 14 19 |  3  5 12 18 |  4 11 13 17 | 
 0  8 13 18 |  1  5  9 15 |  2  4 10 16 |  3  6 14 17 |  7 11 12 19 | 
