
5-4-1
variables : 0 clauses : 0
model : 0.00s solver : 0.00s
UNSAT

5-4-2
variables : 2819 clauses : 5282
model : 0.01s solver : 0.00s

|0  1  2  3  | 4  5  6  7  | 8  9  10 11 | 12 13 14 15 | 16 17 18 19 | 
|0  4  10 15 | 1  5  13 16 | 2  7  8  19 | 3  9  14 17 | 6  11 12 18 | 

5-4-3
variables : 6613 clauses : 12464
model : 0.01s solver : 0.01s

|0  1  2  3  | 4  5  6  7  | 8  9  10 11 | 12 13 14 15 | 16 17 18 19 | 
|0  11 15 18 | 1  4  9  12 | 2  7  8  19 | 3  5  13 16 | 6  10 14 17 | 
|0  7  14 16 | 1  11 13 19 | 2  6  9  15 | 3  4  8  17 | 5  10 12 18 | 

5-4-4
variables : 11382 clauses : 21546
model : 0.03s solver : 0.02s

|0  1  2  3  | 4  5  6  7  | 8  9  10 11 | 12 13 14 15 | 16 17 18 19 | 
|0  7  10 17 | 1  4  13 19 | 2  9  12 18 | 3  5  11 14 | 6  8  15 16 | 
|0  5  12 16 | 1  7  9  14 | 2  6  11 19 | 3  8  13 17 | 4  10 15 18 | 
|0  6  9  13 | 1  5  8  18 | 2  10 14 16 | 3  7  15 19 | 4  11 12 17 | 

5-4-5
variables : 17126 clauses : 32528
model : 0.04s solver : 0.12s

|0  1  2  3  | 4  5  6  7  | 8  9  10 11 | 12 13 14 15 | 16 17 18 19 | 
|0  5  15 18 | 1  9  13 19 | 2  6  11 12 | 3  4  10 17 | 7  8  14 16 | 
|0  9  12 16 | 1  6  10 15 | 2  4  14 19 | 3  7  11 18 | 5  8  13 17 | 
|0  11 14 17 | 1  4  8  18 | 2  7  9  15 | 3  6  13 16 | 5  10 12 19 | 
|0  6  8  19 | 1  7  12 17 | 2  10 13 18 | 3  5  9  14 | 4  11 15 16 | 
