
5-4-1
variables : 0 clauses : 0
model : 0.00s solver : 0.00s

|0  1  2  3  | 4  5  6  7  | 8  9  10 11 | 12 13 14 15 | 16 17 18 19 | 

5-4-2
variables : 2939 clauses : 5723
model : 0.01s solver : 0.00s

|0  1  2  3  | 4  5  6  7  | 8  9  10 11 | 12 13 14 15 | 16 17 18 19 | 
|0  5  14 19 | 1  8  12 16 | 2  7  10 18 | 3  4  9  13 | 6  11 15 17 | 

5-4-3
variables : 6853 clauses : 13366
model : 0.02s solver : 0.01s

|0  1  2  3  | 4  5  6  7  | 8  9  10 11 | 12 13 14 15 | 16 17 18 19 | 
|0  4  11 15 | 1  7  14 19 | 2  9  12 16 | 3  5  8  17 | 6  10 13 18 | 
|0  5  9  13 | 1  6  11 17 | 2  10 15 19 | 3  7  12 18 | 4  8  14 16 | 

5-4-4
variables : 11742 clauses : 22909
model : 0.02s solver : 0.03s

|0  1  2  3  | 4  5  6  7  | 8  9  10 11 | 12 13 14 15 | 16 17 18 19 | 
|0  4  14 19 | 1  5  11 18 | 2  7  10 15 | 3  8  13 17 | 6  9  12 16 | 
|0  6  10 18 | 1  7  13 19 | 2  4  8  12 | 3  11 15 16 | 5  9  14 17 | 
|0  5  13 16 | 1  4  9  15 | 2  6  11 17 | 3  10 12 19 | 7  8  14 18 | 

5-4-5
variables : 17606 clauses : 34352
model : 0.04s solver : 0.15s

|0  1  2  3  | 4  5  6  7  | 8  9  10 11 | 12 13 14 15 | 16 17 18 19 | 
|0  4  15 19 | 1  5  9  12 | 2  11 13 16 | 3  7  10 17 | 6  8  14 18 | 
|0  7  13 18 | 1  10 15 16 | 2  5  8  19 | 3  6  11 12 | 4  9  14 17 | 
|0  8  12 17 | 1  4  11 18 | 2  7  9  15 | 3  5  14 16 | 6  10 13 19 | 
|0  6  9  16 | 1  7  14 19 | 2  10 12 18 | 3  4  8  13 | 5  11 15 17 | 
