
5-3-1
variables : 0 clauses : 0
model : 0.00s solver : 0.00s

|0  1  2  | 3  4  5  | 6  7  8  | 9  10 11 | 12 13 14 | 

5-3-2
variables : 1853 clauses : 3587
model : 0.00s solver : 0.00s

|0  1  2  | 3  4  5  | 6  7  8  | 9  10 11 | 12 13 14 | 
|0  9  14 | 1  5  8  | 2  11 13 | 3  6  10 | 4  7  12 | 

5-3-3
variables : 4431 clauses : 8589
model : 0.01s solver : 0.01s

|0  1  2  | 3  4  5  | 6  7  8  | 9  10 11 | 12 13 14 | 
|0  9  13 | 1  6  12 | 2  4  7  | 3  10 14 | 5  8  11 | 
|0  5  12 | 1  8  14 | 2  10 13 | 3  7  9  | 4  6  11 | 

5-3-4
variables : 7734 clauses : 14991
model : 0.02s solver : 0.01s

|0  1  2  | 3  4  5  | 6  7  8  | 9  10 11 | 12 13 14 | 
|0  5  14 | 1  11 12 | 2  8  9  | 3  7  13 | 4  6  10 | 
|0  6  13 | 1  5  8  | 2  10 12 | 3  9  14 | 4  7  11 | 
|0  7  10 | 1  4  14 | 2  11 13 | 3  8  12 | 5  6  9  | 

5-3-5
variables : 11762 clauses : 22793
model : 0.03s solver : 0.01s

|0  1  2  | 3  4  5  | 6  7  8  | 9  10 11 | 12 13 14 | 
|0  10 14 | 1  5  9  | 2  7  13 | 3  8  11 | 4  6  12 | 
|0  5  13 | 1  4  10 | 2  6  11 | 3  7  14 | 8  9  12 | 
|0  7  12 | 1  11 14 | 2  4  8  | 3  9  13 | 5  6  10 | 
|0  3  6  | 1  8  13 | 2  10 12 | 4  9  14 | 5  7  11 | 

5-3-6
variables : 16515 clauses : 31995
model : 0.04s solver : 0.09s

|0  1  2  | 3  4  5  | 6  7  8  | 9  10 11 | 12 13 14 | 
|0  3  14 | 1  6  9  | 2  8  13 | 4  10 12 | 5  7  11 | 
|0  9  13 | 1  5  12 | 2  4  7  | 3  6  10 | 8  11 14 | 
|0  8  12 | 1  4  14 | 2  6  11 | 3  7  9  | 5  10 13 | 
|0  7  10 | 1  3  8  | 2  9  12 | 4  11 13 | 5  6  14 | 
|0  4  6  | 1  7  13 | 2  10 14 | 3  11 12 | 5  8  9  | 

5-3-7
variables : 21993 clauses : 42597
model : 0.05s solver : 1.70s

|0  1  2  | 3  4  5  | 6  7  8  | 9  10 11 | 12 13 14 | 
|0  5  14 | 1  8  11 | 2  3  9  | 4  7  12 | 6  10 13 | 
|0  3  13 | 1  6  14 | 2  11 12 | 4  8  10 | 5  7  9  | 
|0  8  12 | 1  5  10 | 2  7  13 | 3  6  11 | 4  9  14 | 
|0  4  11 | 1  3  7  | 2  10 14 | 5  6  12 | 8  9  13 | 
|0  7  10 | 1  9  12 | 2  4  6  | 3  8  14 | 5  11 13 | 
|0  6  9  | 1  4  13 | 2  5  8  | 3  10 12 | 7  11 14 | 

5-3-8
variables : 28196 clauses : 54599
model : 0.06s solver : 0.03s
UNSAT

5-3-9
variables : 35124 clauses : 68001
model : 0.08s solver : 0.03s
UNSAT

5-3-10
variables : 42777 clauses : 82803
model : 0.10s solver : 0.04s
UNSAT

5-3-11
variables : 51155 clauses : 99005
model : 0.12s solver : 0.05s
UNSAT
