
5-3-1
variables : 0 clauses : 0
model : 0.00s solver : 0.00s
UNSAT

5-3-2
variables : 1763 clauses : 3244
model : 0.00s solver : 0.00s

|0  1  2  | 3  4  5  | 6  7  8  | 9  10 11 | 12 13 14 | 
|0  9  14 | 1  6  12 | 2  5  8  | 3  7  10 | 4  11 13 | 

5-3-3
variables : 4251 clauses : 7888
model : 0.01s solver : 0.00s

|0  1  2  | 3  4  5  | 6  7  8  | 9  10 11 | 12 13 14 | 
|0  8  12 | 1  4  10 | 2  6  14 | 5  11 13 | 3  7  9  | 
|0  3  6  | 1  5  9  | 2  10 13 | 8  11 14 | 4  7  12 | 

5-3-4
variables : 7464 clauses : 13932
model : 0.02s solver : 0.01s

|0  1  2  | 3  4  5  | 6  7  8  | 9  10 11 | 12 13 14 | 
|0  11 12 | 1  4  13 | 2  6  10 | 3  8  14 | 5  7  9  | 
|0  4  8  | 1  5  6  | 2  9  12 | 7  11 14 | 3  10 13 | 
|0  7  13 | 1  8  12 | 2  5  11 | 3  6  9  | 4  10 14 | 

5-3-5
variables : 11402 clauses : 21376
model : 0.02s solver : 0.02s

|0  1  2  | 3  4  5  | 6  7  8  | 9  10 11 | 12 13 14 | 
|0  7  14 | 1  3  12 | 2  8  10 | 4  9  13 | 5  6  11 | 
|0  3  11 | 1  4  10 | 2  7  13 | 5  8  12 | 6  9  14 | 
|0  9  12 | 1  5  7  | 2  4  14 | 8  11 13 | 3  6  10 | 
|0  4  6  | 1  8  14 | 2  3  9  | 5  10 13 | 7  11 12 | 

5-3-6
variables : 16065 clauses : 30220
model : 0.04s solver : 0.21s

|0  1  2  | 3  4  5  | 6  7  8  | 9  10 11 | 12 13 14 | 
|0  6  10 | 1  5  12 | 2  8  11 | 3  7  13 | 4  9  14 | 
|0  3  14 | 1  8  13 | 2  5  9  | 7  10 12 | 4  6  11 | 
|0  9  13 | 1  6  14 | 2  4  12 | 5  7  11 | 3  8  10 | 
|0  4  7  | 1  3  11 | 2  10 14 | 8  9  12 | 5  6  13 | 
|0  11 12 | 1  7  9  | 2  3  6  | 4  10 13 | 5  8  14 | 

5-3-7
variables : 21453 clauses : 40464
model : 0.05s solver : 0.03s

|0  1  2  | 3  4  5  | 6  7  8  | 9  10 11 | 12 13 14 | 
|0  4  8  | 1  6  12 | 2  3  11 | 7  10 13 | 5  9  14 | 
|0  7  14 | 1  9  13 | 2  5  6  | 4  11 12 | 3  8  10 | 
|0  5  12 | 1  8  11 | 2  7  9  | 3  6  13 | 4  10 14 | 
|0  3  9  | 1  4  7  | 2  10 12 | 6  11 14 | 5  8  13 | 
|0  6  10 | 1  3  14 | 2  4  13 | 5  7  11 | 8  9  12 | 
|0  11 13 | 1  5  10 | 2  8  14 | 4  6  9  | 3  7  12 | 

5-3-8
variables : 27566 clauses : 52108
model : 0.06s solver : 0.21s
UNSAT

5-3-9
variables : 34404 clauses : 65152
model : 0.09s solver : 0.26s
UNSAT

5-3-10
variables : 41967 clauses : 79596
model : 0.09s solver : 0.46s
UNSAT

5-3-11
variables : 50255 clauses : 95440
model : 0.11s solver : 0.53s
UNSAT
