
5-3-1
variables : 15 clauses : 30
model : 0.00s solver : 0.00s

|0  1  2  | 3  4  5  | 8  6  7  | 9  10 11 | 12 13 14 | 

5-3-2
variables : 1865 clauses : 3595
model : 0.00s solver : 0.00s

|0  1  2  | 3  4  5  | 8  6  7  | 9  10 11 | 12 13 14 | 
|9  5  6  | 10 4  14 | 0  8  3  | 2  12 7  | 1  11 13 | 

5-3-3
variables : 4440 clauses : 9310
model : 0.01s solver : 0.01s

|0  1  2  | 3  4  5  | 8  6  7  | 9  10 11 | 12 13 14 | 
|1  10 3  | 9  13 7  | 8  2  14 | 0  5  6  | 11 4  12 | 
|0  10 13 | 2  5  7  | 11 6  14 | 9  3  12 | 8  1  4  | 

5-3-4
variables : 7740 clauses : 17175
model : 0.02s solver : 0.01s

|0  1  2  | 3  4  5  | 8  6  7  | 9  10 11 | 12 13 14 | 
|1  13 5  | 0  4  14 | 2  10 6  | 9  12 7  | 8  11 3  | 
|1  4  7  | 0  3  12 | 8  10 13 | 9  2  5  | 11 6  14 | 
|8  2  12 | 0  10 5  | 11 13 7  | 1  3  14 | 9  4  6  | 

5-3-5
variables : 11765 clauses : 27190
model : 0.02s solver : 0.02s

|0  1  2  | 3  4  5  | 8  6  7  | 9  10 11 | 12 13 14 | 
|2  3  7  | 0  11 5  | 1  10 13 | 8  4  12 | 9  6  14 | 
|10 12 5  | 2  4  6  | 11 1  3  | 9  13 7  | 0  8  14 | 
|2  11 13 | 10 4  14 | 0  12 7  | 1  5  6  | 8  9  3  | 
|8  2  10 | 0  3  13 | 1  4  9  | 11 12 6  | 5  14 7  | 

5-3-6
variables : 16515 clauses : 39355
model : 0.04s solver : 0.50s

|0  1  2  | 3  4  5  | 8  6  7  | 9  10 11 | 12 13 14 | 
|2  4  7  | 0  8  9  | 1  10 12 | 3  13 6  | 11 5  14 | 
|8  4  12 | 9  14 7  | 1  5  6  | 0  11 3  | 2  10 13 | 
|0  12 6  | 8  11 13 | 10 3  7  | 9  2  5  | 1  4  14 | 
|2  11 6  | 9  4  13 | 12 5  7  | 0  10 14 | 8  1  3  | 
|0  13 5  | 10 4  6  | 9  3  12 | 1  11 7  | 8  2  14 | 

5-3-7
variables : 21990 clauses : 53670
model : 0.05s solver : 89.20s

|0  1  2  | 3  4  5  | 8  6  7  | 9  10 11 | 12 13 14 | 
|0  8  11 | 9  3  6  | 2  4  14 | 10 12 7  | 1  13 5  | 
|2  10 5  | 1  11 6  | 0  14 7  | 9  4  12 | 8  3  13 | 
|0  4  6  | 8  5  14 | 9  13 7  | 1  10 3  | 2  11 12 | 
|11 3  14 | 0  10 13 | 12 5  6  | 1  4  7  | 8  9  2  | 
|0  3  12 | 1  9  14 | 8  10 4  | 11 5  7  | 2  13 6  | 
|8  1  12 | 0  9  5  | 11 4  13 | 10 6  14 | 2  3  7  | 
