
5-4-1
variables : 20 clauses : 40
model : 0.00s solver : 0.00s

|0  1  2  3  | 4  5  6  7  | 8  9  10 11 | 12 13 14 15 | 16 17 18 19 | 

5-4-2
variables : 2995 clauses : 5834
model : 0.01s solver : 0.00s

|0  1  2  3  | 4  5  6  7  | 8  9  10 11 | 12 13 14 15 | 16 17 18 19 | 
|0  9  4  17 | 1  10 19 14 | 8  2  13 7  | 16 3  5  15 | 18 11 12 6  | 

5-4-3
variables : 6945 clauses : 14528
model : 0.01s solver : 0.01s

|0  1  2  3  | 4  5  6  7  | 8  9  10 11 | 12 13 14 15 | 16 17 18 19 | 
|0  17 10 5  | 1  19 4  14 | 2  11 15 7  | 8  16 3  13 | 9  18 12 6  | 
|0  16 6  15 | 8  1  18 5  | 9  2  19 13 | 10 3  14 7  | 17 11 4  12 | 

5-4-4
variables : 11870 clauses : 26122
model : 0.03s solver : 0.04s

|0  1  2  3  | 4  5  6  7  | 8  9  10 11 | 12 13 14 15 | 16 17 18 19 | 
|0  9  12 7  | 19 1  11 14 | 17 2  13 6  | 18 10 3  5  | 8  16 4  15 | 
|0  18 11 6  | 8  1  13 5  | 2  19 4  12 | 16 9  3  14 | 17 10 15 7  | 
|0  19 5  15 | 1  4  9  17 | 8  2  18 14 | 11 3  13 7  | 16 10 12 6  | 

5-4-5
variables : 17770 clauses : 40616
model : 0.04s solver : 0.07s

|0  1  2  3  | 4  5  6  7  | 8  9  10 11 | 12 13 14 15 | 16 17 18 19 | 
|0  8  5  15 | 16 1  11 6  | 19 2  10 12 | 18 3  13 7  | 9  4  14 17 | 
|0  9  19 7  | 8  1  18 14 | 17 2  6  15 | 11 3  4  12 | 16 10 13 5  | 
|0  17 11 13 | 1  12 5  9  | 8  16 2  7  | 19 3  6  14 | 10 18 4  15 | 
|0  18 12 6  | 1  10 17 7  | 2  11 5  14 | 16 9  3  15 | 8  19 4  13 | 
