intersection true,true

5-3-1
variables : 15 clauses : 30
model : 0.00s solver : 0.00s

|0  1  2  | 3  4  5  | 8  6  7  | 9  10 11 | 12 13 14 | 

5-3-2
variables : 1865 clauses : 3598
model : 0.00s solver : 0.00s

|0  1  2  | 3  4  5  | 8  6  7  | 9  10 11 | 12 13 14 | 
|0  10 12 | 1  11 7  | 8  2  5  | 3  6  14 | 9  4  13 | 

5-3-3
variables : 4440 clauses : 9316
model : 0.01s solver : 0.01s

|0  1  2  | 3  4  5  | 8  6  7  | 9  10 11 | 12 13 14 | 
|0  12 5  | 1  11 14 | 8  9  2  | 3  13 7  | 10 4  6  | 
|0  3  14 | 1  12 9  | 2  13 6  | 8  10 5  | 11 4  7  | 

5-3-4
variables : 7740 clauses : 17184
model : 0.02s solver : 0.01s

|0  1  2  | 3  4  5  | 8  6  7  | 9  10 11 | 12 13 14 | 
|0  4  12 | 1  3  14 | 8  2  10 | 11 13 6  | 9  5  7  | 
|0  5  14 | 1  11 7  | 2  3  13 | 8  9  4  | 10 12 6  | 
|0  8  11 | 1  13 9  | 2  12 5  | 4  6  14 | 10 3  7  | 

5-3-5
variables : 11765 clauses : 27202
model : 0.03s solver : 0.02s

|0  1  2  | 3  4  5  | 8  6  7  | 9  10 11 | 12 13 14 | 
|0  4  13 | 1  14 7  | 2  11 12 | 10 5  6  | 8  9  3  | 
|0  3  12 | 1  11 4  | 8  2  5  | 9  6  14 | 10 13 7  | 
|0  9  5  | 8  1  13 | 2  10 14 | 4  12 6  | 11 3  7  | 
|0  8  14 | 1  10 3  | 9  2  4  | 11 13 6  | 12 5  7  | 

5-3-6
variables : 16515 clauses : 39370
model : 0.04s solver : 0.12s

|0  1  2  | 3  4  5  | 8  6  7  | 9  10 11 | 12 13 14 | 
|0  8  11 | 1  4  7  | 2  13 5  | 10 3  12 | 9  6  14 | 
|0  5  14 | 8  1  3  | 2  10 6  | 11 13 7  | 9  4  12 | 
|0  3  6  | 1  13 9  | 2  14 7  | 11 12 5  | 8  10 4  | 
|0  12 7  | 1  10 14 | 11 2  3  | 8  9  5  | 4  13 6  | 
|0  10 13 | 1  5  6  | 8  2  12 | 11 4  14 | 9  3  7  | 

5-3-7
variables : 21990 clauses : 53688
model : 0.06s solver : 0.71s

|0  1  2  | 3  4  5  | 8  6  7  | 9  10 11 | 12 13 14 | 
|0  12 7  | 1  5  6  | 2  11 13 | 8  10 3  | 9  4  14 | 
|0  6  14 | 1  11 7  | 2  10 4  | 9  3  12 | 8  13 5  | 
|0  11 4  | 1  3  14 | 8  2  12 | 9  5  7  | 10 13 6  | 
|0  10 5  | 1  13 9  | 2  3  7  | 8  11 14 | 4  12 6  | 
|0  8  9  | 1  10 12 | 2  5  14 | 11 3  6  | 4  13 7  | 
|0  3  13 | 8  1  4  | 9  2  6  | 11 12 5  | 10 14 7  | 

5-3-8
variables : 28190 clauses : 70156
model : 0.07s solver : 0.29s
UNSAT

5-3-9
variables : 35115 clauses : 88774
model : 0.09s solver : 0.50s
UNSAT

5-3-10
variables : 42765 clauses : 109542
model : 0.11s solver : 0.60s
UNSAT

5-3-11
variables : 51140 clauses : 132460
model : 0.14s solver : 0.82s
UNSAT
