
5-4-1
variables : 20 clauses : 40
model : 0.00s solver : 0.00s

|0  1  2  3  | 4  5  6  7  | 8  9  10 11 | 12 13 14 15 | 16 17 18 19 | 

5-4-2
variables : 2995 clauses : 5830
model : 0.00s solver : 0.00s

|0  1  2  3  | 4  5  6  7  | 8  9  10 11 | 12 13 14 15 | 16 17 18 19 | 
|16 9  6  14 | 0  8  19 13 | 1  5  17 15 | 10 3  4  12 | 18 2  11 7  | 

5-4-3
variables : 6945 clauses : 14520
model : 0.01s solver : 0.01s

|0  1  2  3  | 4  5  6  7  | 8  9  10 11 | 12 13 14 15 | 16 17 18 19 | 
|9  2  5  14 | 8  16 15 7  | 0  10 18 6  | 11 17 3  13 | 1  19 4  12 | 
|2  10 4  13 | 19 11 5  15 | 0  9  17 7  | 8  18 3  12 | 16 1  6  14 | 

5-4-4
variables : 11870 clauses : 26110
model : 0.02s solver : 0.04s

|0  1  2  3  | 4  5  6  7  | 8  9  10 11 | 12 13 14 15 | 16 17 18 19 | 
|16 2  5  14 | 10 18 4  12 | 8  17 3  15 | 1  11 13 6  | 0  9  19 7  | 
|11 18 3  5  | 16 9  12 6  | 19 2  10 15 | 8  1  14 7  | 0  17 4  13 | 
|16 10 3  13 | 17 2  12 7  | 1  5  9  15 | 0  8  18 6  | 19 11 4  14 | 

5-4-5
variables : 17770 clauses : 40600
model : 0.04s solver : 0.15s

|0  1  2  3  | 4  5  6  7  | 8  9  10 11 | 12 13 14 15 | 16 17 18 19 | 
|9  2  19 5  | 1  17 6  15 | 0  10 18 13 | 11 3  14 7  | 8  16 4  12 | 
|0  8  14 17 | 9  18 12 6  | 19 1  11 4  | 16 13 3  5  | 2  10 15 7  | 
|9  4  13 17 | 16 2  6  14 | 0  11 5  15 | 19 10 3  12 | 8  1  18 7  | 
|18 3  4  15 | 8  19 13 6  | 17 2  11 12 | 1  10 5  14 | 0  9  16 7  | 
