
5-4-1
variables : 20 clauses : 40
model : 0.00s solver : 0.00s

|0  1  2  3  | 4  5  6  7  | 8  9  10 11 | 12 13 14 15 | 16 17 18 19 | 

5-4-2
variables : 2995 clauses : 5630
model : 0.01s solver : 0.00s

|0  1  2  3  | 4  5  6  7  | 8  9  10 11 | 12 13 14 15 | 16 17 18 19 | 
|0  16 6  15 | 8  19 13 7  | 1  11 5  17 | 10 3  4  12 | 9  2  18 14 | 

5-4-3
variables : 6945 clauses : 13120
model : 0.01s solver : 0.01s

|0  1  2  3  | 4  5  6  7  | 8  9  10 11 | 12 13 14 15 | 16 17 18 19 | 
|17 11 6  15 | 1  19 4  14 | 9  2  18 12 | 0  16 10 7  | 8  13 3  5  | 
|0  8  14 17 | 1  18 11 7  | 2  10 5  15 | 16 3  4  12 | 9  19 13 6  | 

5-4-4
variables : 11870 clauses : 22510
model : 0.02s solver : 0.07s

|0  1  2  3  | 4  5  6  7  | 8  9  10 11 | 12 13 14 15 | 16 17 18 19 | 
|19 10 3  12 | 18 11 15 7  | 16 1  6  9  | 8  2  4  13 | 0  17 5  14 | 
|2  18 12 5  | 11 3  13 6  | 8  1  17 7  | 9  19 4  14 | 0  16 10 15 | 
|9  3  17 15 | 1  13 19 5  | 2  10 14 7  | 0  8  18 6  | 16 11 4  12 | 

5-4-5
variables : 17770 clauses : 33800
model : 0.04s solver : 0.52s

|0  1  2  3  | 4  5  6  7  | 8  9  10 11 | 12 13 14 15 | 16 17 18 19 | 
|9  2  19 13 | 0  17 10 6  | 16 1  4  15 | 11 3  12 7  | 8  18 5  14 | 
|16 9  6  14 | 17 2  4  12 | 10 3  5  15 | 0  18 11 13 | 8  1  19 7  | 
|0  9  15 7  | 1  18 12 6  | 8  17 3  13 | 16 2  11 5  | 10 19 4  14 | 
|8  2  6  15 | 16 10 13 7  | 1  11 14 17 | 0  19 12 5  | 9  18 3  4  | 
