intersection true,false
first week set

5-3-1
variables : 15 clauses : 30
model : 0.00s solver : 0.00s

|0  1  2  | 3  4  5  | 8  6  7  | 9  10 11 | 12 13 14 | 

5-3-2
variables : 1865 clauses : 3445
model : 0.00s solver : 0.00s

|0  1  2  | 3  4  5  | 8  6  7  | 9  10 11 | 12 13 14 | 
|9  5  6  | 11 4  14 | 0  8  3  | 2  12 7  | 1  10 13 | 

5-3-3
variables : 4440 clauses : 8260
model : 0.01s solver : 0.00s

|0  1  2  | 3  4  5  | 8  6  7  | 9  10 11 | 12 13 14 | 
|11 4  13 | 9  14 7  | 8  2  3  | 0  5  6  | 1  10 12 | 
|10 13 6  | 0  9  12 | 11 3  14 | 2  5  7  | 8  1  4  | 

5-3-4
variables : 7740 clauses : 14475
model : 0.01s solver : 0.01s

|0  1  2  | 3  4  5  | 8  6  7  | 9  10 11 | 12 13 14 | 
|1  10 6  | 9  3  7  | 2  4  14 | 0  8  12 | 13 11 5  | 
|8  11 4  | 1  13 7  | 2  10 12 | 9  5  14 | 0  3  6  | 
|0  10 5  | 8  3  13 | 11 14 7  | 9  2  6  | 1  4  12 | 

5-3-5
variables : 11765 clauses : 22090
model : 0.02s solver : 0.02s

|0  1  2  | 3  4  5  | 8  6  7  | 9  10 11 | 12 13 14 | 
|3  12 7  | 0  9  5  | 8  2  10 | 4  13 6  | 1  11 14 | 
|10 5  6  | 1  4  7  | 8  9  14 | 2  3  13 | 0  11 12 | 
|1  12 6  | 13 11 5  | 10 3  14 | 0  8  4  | 9  2  7  | 
|0  10 7  | 9  4  12 | 11 3  6  | 8  1  13 | 2  5  14 | 

5-3-6
variables : 16515 clauses : 31105
model : 0.03s solver : 0.23s

|0  1  2  | 3  4  5  | 8  6  7  | 9  10 11 | 12 13 14 | 
|1  13 5  | 2  10 6  | 8  11 4  | 9  12 7  | 0  3  14 | 
|9  3  6  | 2  11 13 | 1  4  12 | 0  8  10 | 5  14 7  | 
|8  3  13 | 0  4  7  | 1  11 6  | 10 12 5  | 9  2  14 | 
|10 13 7  | 0  11 5  | 4  6  14 | 8  1  9  | 2  3  12 | 
|9  4  13 | 0  12 6  | 8  2  5  | 1  10 14 | 11 3  7  | 

5-3-7
variables : 21990 clauses : 41520
model : 0.04s solver : 6.62s

|0  1  2  | 3  4  5  | 8  6  7  | 9  10 11 | 12 13 14 | 
|1  10 14 | 2  5  7  | 11 13 6  | 8  4  12 | 0  9  3  | 
|1  3  13 | 10 4  7  | 0  11 5  | 9  12 6  | 8  2  14 | 
|11 4  14 | 9  13 7  | 2  3  6  | 1  12 5  | 0  8  10 | 
|9  2  4  | 10 3  12 | 1  11 7  | 8  13 5  | 0  6  14 | 
|3  14 7  | 8  1  9  | 0  4  13 | 10 5  6  | 2  11 12 | 
|1  4  6  | 9  5  14 | 0  12 7  | 2  10 13 | 8  11 3  | 
