intersection true,false
no symmetry breaking

5-3-1
variables : 1125 clauses : 2315
model : 0.00s solver : 0.00s

|9  10 11 | 2  3  6  | 0  1  7  | 8  4  5  | 12 13 14 | 

5-3-2
variables : 2975 clauses : 6030
model : 0.01s solver : 0.02s

|2  10 12 | 9  13 14 | 0  4  6  | 11 1  3  | 8  5  7  | 
|0  1  8  | 12 13 6  | 2  4  5  | 9  3  7  | 10 11 14 | 
5-3-3
variables : 5550 clauses : 11145
model : 0.01s solver : 0.01s

|13 5  7  | 8  1  11 | 0  10 6  | 9  2  12 | 3  4  14 | 
|1  2  14 | 0  9  11 | 10 3  13 | 12 4  5  | 8  6  7  | 
|1  3  6  | 11 4  7  | 0  12 13 | 8  2  5  | 9  10 14 | 

5-3-4
variables : 8850 clauses : 17660
model : 0.02s solver : 0.02s

|0  4  14 | 12 6  7  | 2  3  5  | 10 11 13 | 8  1  9  | 
|8  10 14 | 11 12 5  | 2  13 6  | 9  4  7  | 0  1  3  | 
|0  2  10 | 1  11 7  | 3  12 14 | 9  13 5  | 8  4  6  | 
|3  4  13 | 0  8  7  | 9  2  12 | 1  10 5  | 11 6  14 | 

5-3-5
variables : 12875 clauses : 25575
model : 0.03s solver : 0.02s

|8  10 7  | 0  4  5  | 1  11 9  | 2  3  6  | 12 13 14 | 
|0  11 12 | 3  14 7  | 10 13 5  | 1  4  6  | 8  9  2  | 
|2  4  7  | 9  5  14 | 11 13 6  | 10 3  12 | 0  1  8  | 
|1  2  14 | 0  13 7  | 9  10 6  | 8  12 5  | 11 3  4  | 
|11 2  10 | 8  4  13 | 1  3  5  | 9  12 7  | 0  6  14 | 

5-3-6
variables : 17625 clauses : 34890
model : 0.04s solver : 0.18s

|1  12 6  | 0  2  13 | 11 10 3  | 8  4  14 | 9  5  7  | 
|0  1  9  | 2  10 7  | 3  5  14 | 8  11 6  | 13 4  12 | 
|11 13 14 | 0  4  6  | 8  9  2  | 1  3  7  | 10 12 5  | 
|11 4  7  | 9  3  13 | 8  1  10 | 0  12 14 | 2  5  6  | 
|8  3  12 | 13 6  7  | 9  10 4  | 1  2  14 | 0  11 5  | 
|0  8  7  | 2  3  4  | 1  13 5  | 9  11 12 | 10 6  14 | 

5-3-7
variables : 23100 clauses : 45605
model : 0.04s solver : 20.00s

|10 3  12 | 0  4  14 | 8  9  5  | 1  11 7  | 2  13 6  | 
|9  3  6  | 0  1  8  | 4  5  7  | 10 13 14 | 2  11 12 | 
|8  11 3  | 1  4  6  | 2  14 7  | 0  9  10 | 13 12 5  | 
|8  2  10 | 11 5  6  | 1  12 14 | 9  4  13 | 0  3  7  | 
|2  3  4  | 0  12 6  | 9  11 14 | 8  13 7  | 1  10 5  | 
|10 6  7  | 1  2  9  | 0  11 13 | 8  4  12 | 3  5  14 | 
|0  2  5  | 10 11 4  | 9  12 7  | 8  6  14 | 1  3  13 | 