
8-4-1
variables : 8192 clauses : 17008
model : 0.01s solver : 0.01s

|18 28 29 30 | 27 25 26 19 | 16 17 20 14 | 9  10 12 13 | 24 21 22 23 | 11 15 6  7  | 8  2  4  5  | 0  1  3  31 | 
8-4-2
variables : 20416 clauses : 41952
model : 0.04s solver : 0.04s

|17 19 22 25 | 1  2  3  4  | 29 27 20 5  | 24 26 12 14 | 0  8  6  7  | 16 28 30 15 | 21 10 18 13 | 9  11 31 23 | 
|25 18 26 23 | 1  10 5  7  | 16 9  2  6  | 12 21 22 31 | 8  11 3  14 | 0  28 4  20 | 24 17 27 30 | 29 19 13 15 | 
8-4-3
variables : 36672 clauses : 74832
model : 0.07s solver : 0.05s

|18 25 10 11 | 0  24 4  12 | 1  3  21 22 | 9  2  27 30 | 28 13 14 23 | 8  31 6  15 | 16 29 5  7  | 17 26 19 20 | 
|9  4  13 17 | 16 1  2  18 | 0  11 6  23 | 31 5  22 30 | 24 20 21 7  | 8  19 10 3  | 25 27 28 29 | 26 12 14 15 | 
|25 19 14 22 | 18 20 29 30 | 0  8  26 7  | 1  10 9  23 | 27 12 21 31 | 16 24 13 15 | 2  11 4  28 | 17 3  5  6  | 
8-4-4
variables : 56960 clauses : 115648
model : 0.11s solver : 0.09s

|17 15 6  14 | 24 9  19 28 | 3  21 30 31 | 0  26 27 23 | 8  1  2  20 | 16 10 11 5  | 25 18 29 13 | 4  12 22 7  | 
|21 4  13 6  | 2  10 12 30 | 1  11 9  31 | 24 26 29 22 | 19 20 5  7  | 0  8  16 15 | 18 28 14 23 | 27 17 3  25 | 
|0  9  3  20 | 31 12 29 15 | 27 11 28 7  | 26 19 13 30 | 16 25 2  6  | 8  24 5  14 | 10 21 22 23 | 1  18 4  17 | 
|27 12 13 14 | 16 1  3  29 | 8  9  25 7  | 26 28 21 15 | 0  17 10 19 | 18 20 22 31 | 24 11 6  30 | 2  4  5  23 | 
8-4-5
variables : 81280 clauses : 164400
model : 0.15s solver : 0.21s

|1  26 20 17 | 0  16 29 5  | 8  10 18 30 | 9  11 22 7  | 24 25 19 28 | 2  21 13 14 | 27 3  31 23 | 4  12 6  15 | 
|13 28 12 5  | 10 26 23 7  | 1  19 29 31 | 16 11 4  14 | 27 21 6  30 | 25 2  3  22 | 9  18 20 15 | 0  8  17 24 | 
|16 2  6  7  | 0  10 11 20 | 19 26 3  13 | 24 27 12 29 | 18 21 22 31 | 9  4  17 30 | 23 28 14 15 | 8  1  5  25 | 
|24 1  21 9  | 18 19 4  23 | 10 5  6  22 | 16 17 3  12 | 8  2  28 29 | 0  27 13 15 | 20 31 14 7  | 25 26 11 30 | 
|21 29 4  20 | 2  26 5  31 | 17 18 13 6  | 11 24 3  15 | 0  9  25 23 | 12 30 14 22 | 16 1  10 28 | 8  27 19 7  | 
8-4-6
variables : 109632 clauses : 221088
model : 0.21s solver : 0.58s

|3  12 31 23 | 24 21 5  30 | 0  16 2  17 | 27 13 14 7  | 26 19 4  15 | 1  18 11 25 | 10 29 20 28 | 8  9  6  22 | 
|17 29 19 13 | 16 9  11 23 | 26 2  18 22 | 10 12 6  15 | 24 1  4  7  | 8  25 27 30 | 0  20 5  31 | 3  28 21 14 | 
|0  8  18 4  | 9  12 14 30 | 1  13 22 23 | 24 2  29 15 | 17 11 20 21 | 19 10 3  5  | 16 27 28 6  | 25 26 31 7  | 
|0  26 3  13 | 1  31 9  15 | 8  29 5  7  | 11 4  6  14 | 16 18 12 21 | 2  10 30 23 | 27 19 20 22 | 24 17 28 25 | 
|10 27 21 31 | 8  17 26 12 | 18 28 13 15 | 11 3  22 7  | 25 20 14 23 | 1  2  5  6  | 16 4  29 30 | 0  9  19 24 | 
|24 10 11 13 | 9  2  3  20 | 12 27 4  5  | 8  16 19 31 | 0  22 14 15 | 17 18 23 7  | 25 29 21 6  | 1  26 28 30 | 
8-4-7
variables : 142016 clauses : 285712
model : 0.28s solver : 369.45s

|9  2  12 20 | 21 11 13 30 | 26 18 3  5  | 8  1  28 23 | 17 27 14 31 | 0  24 4  7  | 10 19 29 15 | 16 25 6  22 | 
|0  27 12 22 | 19 11 5  14 | 24 10 18 20 | 8  25 26 13 | 16 2  4  30 | 9  3  28 17 | 1  31 21 15 | 23 29 6  7  | 
|2  3  21 23 | 24 1  27 25 | 13 12 5  7  | 19 4  20 22 | 8  16 14 15 | 18 28 30 31 | 0  9  10 6  | 17 26 11 29 | 
|9  29 13 22 | 11 4  31 23 | 25 20 14 7  | 0  8  18 17 | 24 2  5  15 | 16 28 12 21 | 27 10 3  30 | 1  26 19 6  | 
|0  1  29 30 | 2  26 22 31 | 11 20 28 6  | 9  19 21 7  | 24 3  12 14 | 17 23 25 15 | 8  10 4  5  | 16 18 27 13 | 
|3  20 29 31 | 1  2  10 13 | 16 9  24 23 | 0  26 28 15 | 8  27 11 7  | 25 18 19 12 | 17 5  22 30 | 4  21 6  14 | 
|16 10 31 7  | 24 17 19 13 | 26 27 20 23 | 1  18 4  9  | 11 3  22 15 | 8  12 6  30 | 2  28 29 14 | 0  25 21 5  | 