
5-4-1
variables : 2000 clauses : 4090
model : 0.00s solver : 0.00s

|12 13 14 15 | 8  9  11 16 | 2  5  6  7  | 17 10 3  4  | 0  1  18 19 | 
5-4-2
variables : 4975 clauses : 10080
model : 0.01s solver : 0.01s

|8  10 11 7  | 9  3  4  17 | 16 1  12 13 | 18 19 5  15 | 0  2  6  14 | 
|8  17 12 6  | 16 9  15 7  | 0  19 11 13 | 1  2  4  5  | 18 10 3  14 | 
5-4-3
variables : 8925 clauses : 17970
model : 0.02s solver : 0.01s

|16 1  18 19 | 9  2  14 17 | 8  11 10 3  | 13 5  6  15 | 0  4  12 7  | 
|2  19 4  5  | 0  16 3  6  | 9  18 11 13 | 8  17 12 15 | 1  10 14 7  | 
|16 2  15 7  | 18 3  4  14 | 0  8  19 13 | 9  10 12 6  | 1  11 5  17 | 
5-4-4
variables : 13850 clauses : 27760
model : 0.02s solver : 0.27s

|16 19 5  6  | 1  3  13 17 | 0  11 4  7  | 8  10 18 12 | 9  2  14 15 | 
|9  13 4  5  | 0  8  14 16 | 1  11 12 6  | 10 2  3  7  | 17 18 19 15 | 
|0  19 3  12 | 16 9  11 17 | 8  15 5  7  | 1  10 4  14 | 2  18 13 6  | 
|16 2  4  12 | 8  1  19 9  | 11 18 3  5  | 17 14 6  7  | 0  10 13 15 | 
5-4-5
variables : 19750 clauses : 39450
model : 0.04s solver : 0.95s

|10 2  3  6  | 16 18 12 7  | 8  1  5  17 | 0  19 13 14 | 9  11 4  15 | 
|17 10 12 14 | 0  8  4  6  | 19 18 3  15 | 16 1  2  9  | 13 11 5  7  | 
|8  18 10 11 | 17 2  13 15 | 9  14 6  7  | 0  16 3  5  | 1  19 4  12 | 
|0  9  18 17 | 8  2  19 7  | 12 5  6  15 | 16 10 4  13 | 11 1  3  14 | 
|2  4  5  14 | 0  10 15 7  | 16 17 11 19 | 1  18 13 6  | 8  9  3  12 | 