
5-4-1
variables : 44 clauses : 106
model : 0.00s solver : 0.00s

|0  1  2  3  | 4  5  6  7  | 8  9  10 11 | 12 13 14 15 | 16 17 18 19 | 

5-4-2
variables : 3139 clauses : 6138
model : 0.01s solver : 0.00s

|0  1  2  3  | 4  5  6  7  | 8  9  10 11 | 12 13 14 15 | 16 17 18 19 | 
|0  8  15 16 | 1  4  9  18 | 2  5  13 17 | 3  7  10 12 | 6  11 14 19 | 

5-4-3
variables : 7209 clauses : 14086
model : 0.01s solver : 0.01s

|0  1  2  3  | 4  5  6  7  | 8  9  10 11 | 12 13 14 15 | 16 17 18 19 | 
|0  11 15 17 | 1  6  10 16 | 2  7  9  12 | 3  4  14 19 | 5  8  13 18 | 
|0  5  9  14 | 1  4  12 17 | 2  8  15 16 | 3  6  11 18 | 7  10 13 19 | 

5-4-4
variables : 12254 clauses : 23934
model : 0.02s solver : 0.02s

|0  1  2  3  | 4  5  6  7  | 8  9  10 11 | 12 13 14 15 | 16 17 18 19 | 
|0  8  14 19 | 1  4  10 12 | 2  7  11 18 | 3  5  15 16 | 6  9  13 17 | 
|0  9  12 18 | 1  7  13 16 | 2  5  8  17 | 3  6  10 14 | 4  11 15 19 | 
|0  6  11 16 | 1  8  15 18 | 2  4  9  14 | 3  7  12 17 | 5  10 13 19 | 

5-4-5
variables : 18274 clauses : 35682
model : 0.04s solver : 0.06s

|0  1  2  3  | 4  5  6  7  | 8  9  10 11 | 12 13 14 15 | 16 17 18 19 | 
|0  7  10 15 | 1  9  12 17 | 2  4  8  19 | 3  5  14 18 | 6  11 13 16 | 
|0  6  9  14 | 1  10 13 19 | 2  5  11 17 | 3  4  15 16 | 7  8  12 18 | 
|0  5  8  13 | 1  11 15 18 | 2  7  9  16 | 3  6  12 19 | 4  10 14 17 | 
|0  4  11 12 | 1  8  14 16 | 2  6  10 18 | 3  7  13 17 | 5  9  15 19 | 
