
5-3-1
variables : 33 clauses : 78
model : 0.00s solver : 0.00s

|0  1  2  | 3  4  5  | 6  7  8  | 9  10 11 | 12 13 14 | 

5-3-2
variables : 1973 clauses : 3823
model : 0.01s solver : 0.00s

|0  1  2  | 3  4  5  | 6  7  8  | 9  10 11 | 12 13 14 | 
|0  11 12 | 1  4  10 | 2  7  9  | 3  6  14 | 5  8  13 | 

5-3-3
variables : 4638 clauses : 8980
model : 0.01s solver : 0.01s

|0  1  2  | 3  4  5  | 6  7  8  | 9  10 11 | 12 13 14 | 
|0  6  14 | 1  4  10 | 2  3  8  | 5  11 13 | 7  9  12 | 
|0  3  13 | 1  5  7  | 2  11 14 | 4  8  9  | 6  10 12 | 

5-3-4
variables : 8028 clauses : 15537
model : 0.02s solver : 0.01s

|0  1  2  | 3  4  5  | 6  7  8  | 9  10 11 | 12 13 14 | 
|0  5  14 | 1  4  9  | 2  3  7  | 6  11 12 | 8  10 13 | 
|0  3  12 | 1  5  10 | 2  4  6  | 7  11 13 | 8  9  14 | 
|0  8  11 | 1  3  6  | 2  10 12 | 4  7  14 | 5  9  13 | 

5-3-5
variables : 12143 clauses : 23494
model : 0.02s solver : 0.01s

|0  1  2  | 3  4  5  | 6  7  8  | 9  10 11 | 12 13 14 | 
|0  4  12 | 1  6  11 | 2  3  7  | 5  9  13 | 8  10 14 | 
|0  3  11 | 1  5  14 | 2  6  13 | 4  7  10 | 8  9  12 | 
|0  7  9  | 1  3  12 | 2  5  10 | 4  6  14 | 8  11 13 | 
|0  5  6  | 1  4  8  | 2  9  14 | 3  10 13 | 7  11 12 | 

5-3-6
variables : 16983 clauses : 32851
model : 0.04s solver : 0.16s

|0  1  2  | 3  4  5  | 6  7  8  | 9  10 11 | 12 13 14 | 
|0  4  14 | 1  6  10 | 2  3  8  | 5  9  13 | 7  11 12 | 
|0  11 13 | 1  5  12 | 2  4  6  | 3  7  10 | 8  9  14 | 
|0  3  12 | 1  7  9  | 2  10 13 | 4  8  11 | 5  6  14 | 
|0  5  10 | 1  8  13 | 2  7  14 | 3  6  11 | 4  9  12 | 
|0  6  9  | 1  3  14 | 2  5  11 | 4  7  13 | 8  10 12 | 

5-3-7
variables : 22548 clauses : 43608
model : 0.04s solver : 0.08s

|0  1  2  | 3  4  5  | 6  7  8  | 9  10 11 | 12 13 14 | 
|0  11 14 | 1  9  12 | 2  3  8  | 4  7  13 | 5  6  10 | 
|0  5  13 | 1  3  10 | 2  7  14 | 4  8  9  | 6  11 12 | 
|0  3  12 | 1  5  7  | 2  6  9  | 4  10 14 | 8  11 13 | 
|0  8  10 | 1  6  13 | 2  4  12 | 3  7  11 | 5  9  14 | 
|0  7  9  | 1  4  11 | 2  10 13 | 3  6  14 | 5  8  12 | 
|0  4  6  | 1  8  14 | 2  5  11 | 3  9  13 | 7  10 12 | 

5-3-8
variables : 28838 clauses : 55765
model : 0.06s solver : 0.03s
UNSAT

5-3-9
variables : 35853 clauses : 69322
model : 0.07s solver : 0.04s
UNSAT

5-3-10
variables : 43593 clauses : 84279
model : 0.09s solver : 0.05s
UNSAT

5-3-11
variables : 52058 clauses : 100636
model : 0.10s solver : 0.05s
UNSAT
